n_opt = 140
eps = 1e-05
bounds = (-inf, inf)
a = 0.5275876465284322
b = 0.18449420344162215
c = 0.27372431642038236
d = 1.8627467086354834
