n_opt = 110
eps = 1e-06
bounds = (-inf, inf)
a = 0.5996571880247648
b = 0.10171308699322318
c = 0.29991241829792536
d = 2.3518607469636303
