n_opt = 370
eps = 0.001
bounds = (0, [0.6, 0.6, 0.6, 0.6])
a = 0.6
b = 0.2487867382670536
c = 0.009284022950619407
d = 0.4246182359398962
